0 52.7876 52.7876 52.7876
1 52.787 52.787 52.787
2 52.787 52.787 52.787
3 52.786 52.786 52.786
4 52.7862 52.7862 52.7862
5 52.7866 52.7866 52.7866
6 52.7895 52.7895 52.7895
7 52.785 52.785 52.785
8 52.7826 52.7826 52.7826
9 52.7842 52.7842 52.7842
10 52.7875 52.7875 52.7875
11 52.789 52.789 52.789
12 52.7831 52.7831 52.7831
13 52.7824 52.7824 52.7824
14 52.784 52.784 52.784
15 52.7873 52.7873 52.7873
16 52.7861 52.7861 52.7861
17 52.7813 52.7813 52.7813
18 52.7817 52.7817 52.7817
19 52.784 52.784 52.784
20 52.7834 52.7834 52.7834
21 52.7832 52.7832 52.7832
22 52.7824 52.7824 52.7824
23 52.7824 52.7824 52.7824
24 52.7815 52.7815 52.7815
25 52.7809 52.7809 52.7809
26 52.7832 52.7832 52.7832
27 52.7826 52.7826 52.7826
28 52.7839 52.7839 52.7839
29 52.7852 52.7852 52.7852
30 52.7864 52.7864 52.7864
31 52.7878 52.7878 52.7878
32 52.785 52.785 52.785
33 52.786 52.786 52.786
34 52.7854 52.7854 52.7854
35 52.784 52.784 52.784
36 52.7835 52.7835 52.7835
37 52.7829 52.7829 52.7829
38 52.7819 52.7819 52.7819
39 52.7817 52.7817 52.7817
40 52.7809 52.7809 52.7809
41 52.7813 52.7813 52.7813
42 52.7825 52.7825 52.7825
43 52.7837 52.7837 52.7837
44 52.7873 52.7873 52.7873
45 52.7887 52.7887 52.7887
46 52.7891 52.7891 52.7891
47 52.7881 52.7881 52.7881
48 52.7873 52.7873 52.7873
49 52.7861 52.7861 52.7861
50 52.7828 52.7828 52.7828
51 52.7836 52.7836 52.7836
52 52.7836 52.7836 52.7836
53 52.7811 52.7811 52.7811
54 52.7819 52.7819 52.7819
55 52.7827 52.7827 52.7827
56 52.7858 52.7858 52.7858
57 52.7862 52.7862 52.7862
58 52.7877 52.7877 52.7877
59 52.7893 52.7893 52.7893
60 52.7894 52.7894 52.7894
61 52.7886 52.7886 52.7886
62 52.7852 52.7852 52.7852
63 52.7856 52.7856 52.7856
64 52.7851 52.7851 52.7851
65 52.7852 52.7852 52.7852
66 52.7855 52.7855 52.7855
67 52.7846 52.7846 52.7846
68 52.7841 52.7841 52.7841
69 52.7848 52.7848 52.7848
70 52.7843 52.7843 52.7843
71 52.7856 52.7856 52.7856
72 52.7869 52.7869 52.7869
73 52.7878 52.7878 52.7878
74 52.7857 52.7857 52.7857
75 52.7866 52.7866 52.7866
76 52.7869 52.7869 52.7869
77 52.7887 52.7887 52.7887
78 52.7883 52.7883 52.7883
79 52.7881 52.7881 52.7881
80 0.00324667 0.00324667 0.00324667
81 0.0034184 0.0034184 0.0034184
82 0.00358876 0.00358876 0.00358876
83 0.00377774 0.00377774 0.00377774
84 0.0039682 0.0039682 0.0039682
85 0.00422748 0.00422748 0.00422748
86 0.00508588 0.00508588 0.00508588
87 0.0133812 0.0133812 0.0133812
88 0.0254241 0.0254241 0.0254241
89 0.0378504 0.0378504 0.0378504
90 0.0486374 0.0486374 0.0486374
91 0.0479639 0.0479639 0.0479639
92 0.054079 0.054079 0.054079
93 0.0598132 0.0598132 0.0598132
94 0.0589192 0.0589192 0.0589192
95 0.0538242 0.0538242 0.0538242
96 0.0478678 0.0478678 0.0478678
97 0.0393291 0.0393291 0.0393291
98 0.0299956 0.0299956 0.0299956
99 0.0208793 0.0208793 0.0208793
100 0.00958581 0.00958581 0.00958581
101 0.00272339 0.00272339 0.00272339
102 0.00187427 0.00187427 0.00187427
103 0.00158497 0.00158497 0.00158497
104 0.00147016 0.00147016 0.00147016
105 0.00155987 0.00155987 0.00155987
106 0.00175743 0.00175743 0.00175743
107 0.00204532 0.00204532 0.00204532
108 0.00232184 0.00232184 0.00232184
109 0.00259405 0.00259405 0.00259405
110 0.00281628 0.00281628 0.00281628
111 0.00305017 0.00305017 0.00305017
112 0.00788372 0.00788372 0.00788372
113 0.00880125 0.00880125 0.00880125
114 0.00958047 0.00958047 0.00958047
115 0.00842206 0.00842206 0.00842206
116 0.0079853 0.0079853 0.0079853
117 0.008645 0.008645 0.008645
118 0.00803898 0.00803898 0.00803898
119 0.00788505 0.00788505 0.00788505
120 0.0898604 0.0898604 0.0898604
121 0.0350494 0.0350494 0.0350494
122 0.0562077 0.0562077 0.0562077
123 0.126864 0.126864 0.126864
124 0.0332494 0.0332494 0.0332494
