0 1 0 0
1 1 0 0
2 1 0 0
3 1 0 0
4 1 0 0
5 1 0 0
6 1 0 0
7 1 0 0
8 1 0 0
9 1 0 0
10 1 0 0
11 1 0 0
12 1 0 0
13 1 0 0
14 1 0 0
15 1 0 0
16 1 0 0
17 1 0 0
18 1 0 0
19 1 0 0
20 1 0 0
21 1 0 0
22 1 0 0
23 1 0 0
24 1 0 0
25 1 0 0
26 1 0 0
27 1 0 0
28 1 0 0
29 1 0 0
30 1 0 0
31 1 0 0
32 1 0 0
33 1 0 0
34 1 0 0
35 1 0 0
36 1 0 0
37 1 0 0
38 1 0 0
39 1 0 0
40 1 0 0
41 1 0 0
42 1 0 0
43 1 0 0
44 1 0 0
45 1 0 0
46 1 0 0
47 1 0 0
48 1 0 0
49 1 0 0
50 1 0 0
51 1 0 0
52 1 0 0
53 1 0 0
54 1 0 0
55 1 0 0
56 1 0 0
57 1 0 0
58 1 0 0
59 1 0 0
60 1 0 0
61 1 0 0
62 1 0 0
63 1 0 0
64 1 0 0
65 1 0 0
66 1 0 0
67 1 0 0
68 1 0 0
69 1 0 0
70 1 0 0
71 1 0 0
72 1 0 0
73 1 0 0
74 1 0 0
75 1 0 0
76 1 0 0
77 1 0 0
78 1 0 0
79 1 0 0
80 0.1 0.1 0.1
81 0.1 0.1 0.1
82 0.1 0.1 0.1
83 0.1 0.1 0.1
84 0.1 0.1 0.1
85 0.1 0.1 0.1
86 0.1 0.1 0.1
87 0.1 0.1 0.1
88 0.1 0.1 0.1
89 0.1 0.1 0.1
90 0.1 0.1 0.1
91 0.1 0.1 0.1
92 0.1 0.1 0.1
93 0.1 0.1 0.1
94 0.1 0.1 0.1
95 0.1 0.1 0.1
96 0.1 0.1 0.1
97 0.1 0.1 0.1
98 0.1 0.1 0.1
99 0.1 0.1 0.1
100 0.1 0.1 0.1
101 0.1 0.1 0.1
102 0.1 0.1 0.1
103 0.1 0.1 0.1
104 0.1 0.1 0.1
105 0.1 0.1 0.1
106 0.1 0.1 0.1
107 0.1 0.1 0.1
108 0.1 0.1 0.1
109 0.1 0.1 0.1
110 0.1 0.1 0.1
111 0.1 0.1 0.1
112 0.1 0.1 0.1
113 0.1 0.1 0.1
114 0.1 0.1 0.1
115 0.1 0.1 0.1
116 0.1 0.1 0.1
117 0.1 0.1 0.1
118 0.1 0.1 0.1
119 0.1 0.1 0.1
120 0.1 0.1 0.1
121 0.1 0.1 0.1
122 0.1 0.1 0.1
123 0.1 0.1 0.1
124 0.1 0.1 0.1
